$ANSIBLE_VAULT;1.1;AES256
39323433663732653566363032323233313265313130386563316165353237653930326436656636
3031346131623234346537343062633265363639663265650a373137353663313831333337336435
65636662333835623234343764396338653166366437343536393866346538313439633836626532
3038613339366637650a353862373764356561646137313534323461316639666231376664353138
39636132663930396134363364353266383566653139613938363934636266353333366232396562
65393836313635663138373463646161316636336535333939366535353732626263653165393930
39623030616439663566633430613534313234326639383237356361343738656234306137643964
34396565626663363038613432393563653331616433343432616264333565373965306335636631
65646662303934333030663266663537316434663736663031343036623364373538323662396234
36663030353865633138336562393630633364343831646461666638666138383430356637613565
39313138663664303439383434636262396237363838373335313634316364346633353437316662
64393361663539373739343436363264346662303635633761643565373538376534653234643362
66333430393438666633656636326237353836313238396263346561616233343463613661633138
31333032333936336663323637656638666463613334393437323662643830656364363233306166
38616162663165343136323666663364353062613236313862643636666538663734356336363834
66343837323339643766313936653031656331326230623435363332663564633033363433353534
35623866386436653830343461343866616463643531336232333831323765393262626164653736
63386339376264346463323136383730653463333163623632663162363734363730343037363063
63656438366639623136353830303833633137653961323234383965623763643464323138333932
38336232613935393933373934313432316265346461383666336630373731313733386534623936
30313433616238306661306631346538396465346663663738333739643131633865333261373737
37336531313934303533313435626438616137303734346366316434346461643330646565646162
63323131343262343761323939316534333032353738336335376130653537613631343234346363
38386139363166336638633162396439306463636333633136623639666366326437653561633265
65396661633139333932316335616366653138643030323430313032303662313733653266393730
38333162636135313639386564333463656166373733323836643639323765313838383131663265
66333538386338653539626566303738383431386639633963366563633666373533313434373738
65326638386361353063353935623131353531323163376337323261643163383239383134643261
33623063386335356635366463653030383934636631663331393763353330386231636461613831
35373463376137353834323634633137653234656561366537343133343235646561393761393333
64323262383865376464393161376433376363666166353335623230316663333361346533363363
64316663616563376330336366623233356465373464303463353137626632333836393238306566
36383933346665323438393638626635653464623836396533366562613734306636363661316137
65366438353866383038363866376432636165333135333466336634636635616432623764636138
34656636366135366430363737343935333963643639653732333262356435363234363439373166
34393536616161633764646166643538323232623961376164636338356365383461663531313536
39613766373232623330313864633333396636366366663936356536313865666634323436343463
32336531393833656633656439353239373662626331383933363462363433343732633335666233
37663030336338633532363133393339313439633736323662333938663466303839306265376239
66313830333265376166613265646337333739643735626533396634643436316335343230623464
64643764663763633833333862306138643266663563303237363132306263613735383764336363
62386263626632363464386133666131633733653232653834303435376339666663623664653734
35396263326137613430333366663339316134386332313632393331663934363535393065626661
33326564643837323065313030316336326162363233303431326639653961666531306630626532
66633732316133613239386238636163313966636331383066366263666561393261343462336332
36396666343934643735313961373732666634306139646536326434306635656237376462646638
34346339343730353266653830303433313434306663346436353335643035323638373535646462
36346132636661363735333639393765303839643963383932616136376462326462343536613962
34663565643663383936323732326566383730333866643837633266313762333033623734326562
34666266353839373165346433303164633835643735616265623137643938376434373765343866
33616461323165363132383534656562373264653162626462633239346636303637303366363731
65363035356433363161353034366662356633333136383736366665373032353666353764643032
66323363346164356538326138386464363539353361633133623832336236333237353634653334
36373237383138363731656138343434323163363830613234303739353830323062643731346136
36383464356236303963616635643439666636346164306565653465363466623931383638353330
63333266373132313166363831323334396532613438393139376535346430306439616630323364
63363763626635326531366366336639653166353638636234653431653630656536656137653934
31333362623935636135633738396434363335396635663337633362666539656538613461623931
38393338613032346333663866353631653939656435363431656433323562383263656162356436
65653236633139303163313438333435333163643365353666343636326631343465343033343735
30373632613733336438393030356661303537626162303834616635613738373763373234626530
34353938306433346661353363356534656130323261376261336239346562653639356635356135
33363438633237636562643165633332613335316336613862373061653430653032643561353434
37336664353562633439326236383638633063626165353064626333393831386639363232353466
32663562623330613635666637633063333965316430366565666336316335633034363232306332
34343331656264633261343739353432313535646135656530353932663939323865633436323436
62636437326136653431303665663033613934636565303238343263313034346533663361616161
31636134373538336336343264386633643137633739313732363834313935613732353266383531
34386431303266366663643062333437643333383261633732393765343130343366633565313330
65336436376537613236393232376638383634656364616564333534343433376165656632313430
63336534343039326232663362636330303935613761373265383036656361343461303765613039
32386135353634303463613063623234656639303564373037316535346533353561396162613633
62653133316135336566623038366431316364653035623733323737626338643233363261396466
66393430303861373663386162663339626435303564656632373231333761343534356331333264
33353038363939373735306230656337373938316663303035653161656232646338393430343234
38303337326631626466333836363261663662633838393537363462356238653361393930353632
32346637646661363030356563363766336366353636383638643165333834653332396463663534
30336235373232383433393562666535656562323865336464636566393338653661656435363334
35336165366162333763393966333831626438393962363033313239336265643663656334373765
39393463616563623131623437393130326666353336333237363632356637653638643162623435
38316530376139636130336630653231363665613865303765663538623965643361663565653066
64663336353730666133633536666661353739613761623533653566633939373832326239616438
33626536623139613035363534393930656637626533383931623435303864343633326332366233
64663338643136636535313466383663633039613335333736643239363739616638626332383834
34316531343266646437343837653262326437353061326539326534633736353363396531616465
62376537356531393537396566363966356262396432373231353039323864623334666161343232
65623733633361316130633130383930643166613862363736616162323836306335353338623333
64376431373030393136326665343364373834313735306639383832363565343233343539383339
38646535386439653131626461333432636138323866643364393462376237393838663363326339
35623832393362656430343661626263396232623166616261336662363465333130386562323233
38396335303262393064636436363132383437656264613463313062366163376266373362383931
65353830626365313862383666376334353738313538363739316237383464666362313332356465
33616433393431613635346133613764303265333530663466626237326264383462616139333130
32366537663431663062613536656561656636646464656331636565363832343963663861313961
63613835653434353062356232623762313165373638353331313034336534333931666431303336
34303737373161663137376239303234623731306164363063643236396165333964336164336332
62366535366433646530363563633636623430623930343061396531376631313234633838663062
64663366623230656335363837353232663531353762326463343232663164333931613066343032
32386438646635653737306463663165343536303233336463393835363537663166663131376366
66656330356461303939366339303530303966333637346338643437323034386436396632363930
30303262363232356634343130386264643331376265386536336238373930363166386130393237
66643064623939633863656262333838613161666465386434313637393866643633383438323033
66646237303139316264313735666139653534636366353238353562326363363135616661666339
38393532366561333738366532396363366332326534616138633534386134336563323534666565
37323762643431383734376133313234326134313564336136396439356366663961363039393261
34353433356365323331356332613436653263663631313233313832306530386531663136353932
33653735366438313634306461346666323065623964333438396335366533343631366430303335
62313561643431663964373336613130346566663635623630323662613730613733313435303464
64626263333939353761636434326263646636336261333639366533366630626337306466343532
37326434396436313064323238616161373961656661376231356536653135326537636664363532
62323431383531626663353963666534343730653132353063313761353233313166653766636139
37333436306166333437313830383961336563383736366535393232393437636665626533303234
32643365303166343139393933643463356366346134383435613333663861393034663731373863
34383961643366393638306333346532313463313330656139386635323366373838353039396662
35303262326463376138336438326361363930313963633130393037646135383861363430323466
62383239633464393961643364366638636338386263393063393631616363636264313863353561
33343262316363623432656239643462633366613266666130613738653261366165373739353861
65353462386266333364393736663135353863343064343866363830613839373233613832373835
62386432383336326331306437663130323035613433323634666235613566633565306462333931
65323339653863376431366161343132653839336663373466346234633963613834313664333062
39303561666235373336616366653134346361306633663936643861326536353931383233356137
63326431373334393233333732353731663034656234633364306562323530623463663163373136
62616133316162303135326665343362613662613664316138313931623032303037653461636233
32353132633961303439343866313865336261633035643466646137396165393633363639343065
37613364356534386639626231356330343866616361393938633166393836376638343930396132
30313862663633316134646433653161326563323730666236666337653964343361666566386234
33653863656335643833336334323661306163663837363966333738616436623365326632383266
31663033303630383666396334316262393762643461336461306636356236316366383465316632
65393332303030653731636639646366653937303038303065343534633438313631373132366633
61363661323831663432623036616663306561613730333666653062353366613463336537333931
62336433386337613062323861663663643437336635343865323331376330333332616139376263
32363566336534356561313264363638336666623235643365303238366532656263363230383863
61646561376532376366326638643439383438396565363764313731306634313365643536613564
39636262303264323138633661353231646664306266366138303033633866633865336632623636
31313465636136656162316137313631613462613038326638316338393030353534653136376339
62653839353633316430383133643034353031653063393462346365626534623835363665343034
61396638373365663436346163313630366563386662383436353964653464656432663736313365
61323964313863623434356139343934306163633761633336636435653837323963643536666566
34386562393336323136353931396637383436623162633961656634646532623731653466303664
63383137643764356436383362313263376132626439643936663764653234346562353465646164
61333433663434666136633662303664633637383965363166636131356261613131623232313636
39323066646362353837356335343835303764383333653165663239626239303536306634323531
63353161613964646565333564323330666466643536613461636337623631626466303138616164
63383766656538373831383339646662373538616333333037373939353362376265613539393239
35313963346364366466616662393863656462633164613662386439356262343464313633386466
32306264313436306138313462613838663863653461653437363733326361363361313835336337
30386335613865626664323432353861336337386534623566653635353336356139383461653639
35666665613932326535643166383261303230386633613964323062333035363764653439333063
66643563636564316130663038643530636663636332343830383831383534643564303137366133
39626232383031343832323961386632353435396666393939616231646231646262653631323461
38313031623334643439643636623532313764363637346166613734386230346266393139323764
30373836666164336534663538663163386130356364366232336236353633373765616535623663
65303239646635633036376639313834393964393163373662316362643930326430616332343464
39646439333834633434656365356331626665316339643731613062333532353338346337633132
65393432666536623661353437353962373763653830353238376536313031643431346561303136
66336230383838663636366631383038616363356362643062303261653136373738366365613137
36326634323137333538353534333937633833333663663939613032373233646432646234653331
32346231386533353561643235363531623339633663623836393765376631333838346333303638
66393166343864356266636364626437653361356361313338633532656263366235356334306136
31626538323734636434376664323633343161653934316365326330636439653332316237643936
36656661666561353265313731323333303037666636333835323839623438313264646339613262
36316366353665343961316363363732323662303236656232663432363637626532303836613062
343161303563393332326132616663666330
